Subset Size	Alpha	Entropy	TAR	Old Calc
60	0	42.9	0.42	1
60	0.5	41.2	0.43	1
60	0.9	42.3	0.45	1
60	2	0.0	0.47	1
60	3	0.0	0.50	1
60	4	0.0	0.52	1
60	5	40.3	0.56	1
60	6	0.0	0.59	1
60	8	0.0	0.65	1
60	10	39.3	0.71	1
60	15	37.1	0.83	1
60	20	35.2	0.90	1
60	30	29.5	0.93	1
65	0	48.1	0.304	1
65	0.5	0.0	0.312	1
65	1	0.0	0.325	1
65	5	47.1	0.434	1
65	10	43.3	0.584	1
65	15	41.0	0.723	1
65	20	38.7	0.816	1
65	25	35.7	0.863	1
65	30	32.6	0.878	1
65	35	28.1	0.868	1
65	40	28.8	0.845	1
70	0	51.9	0.215	1
70	0.5	0.0	0.219	1
70	1	0.0	0.230	1
70	5	49.8	0.320	1
70	10	48.5	0.466	1
70	15	45.1	0.609	1
70	20	43.4	0.721	1
70	25	36.8	0.781	1
70	30	34.1	0.798	1
70	35	35.0	0.795	1
70	40	31.0	0.772	1
75	0	53.4	0.150	1
75	0.5	0	0.150	1
75	1	0	0.160	1
75	5	52.3	0.234	1
75	10	46.6	0.363	1
75	15	44.8	0.501	1
75	20	44.8	0.615	1
75	25	40.7	0.687	1
75	30	34.7	0.7128	1
75	35	35.0	0.7126	1
75	40	30.5	0.682	1
80	0	57.2	0.097	1
80	0.5	0	0.100	1
80	1	0	0.107	1
80	5	54.5	0.163	1
80	10	53.2	0.269	1
80	15	49.5	0.397	1
80	20	47.9	0.505	1
80	25	42.7	0.583	1
80	30	38.9	0.621	1
80	35	37.3	0.617	1
80	40	34.6	0.591	1
85	0	59.5	0.066	1
85	0.5	0.0	0.069	1
85	1	0.0	0.071	1
85	5	57.9	0.116	1
85	10	52.7	0.198	1
85	15	52.7	0.307	1
85	20	45.6	0.412	1
85	25	42.3	0.485	1
85	30	39.7	0.520	1
85	35	38.6	0.523	1
85	40	34.7	0.498	1
90	0	62.1	0.044	1
90	0.5	0	0.045	1
90	1	0.0	0.048	1
90	5	60.0	0.078	1
90	10	57.4	0.146	1
90	15	54.2	0.231	1
90	20	45.1	0.326	1
90	25	46.4	0.395	1
90	30	44.4	0.428	1
90	35	38.7	0.434	1
90	40	38.3	0.413	1
95	0	64.4	0.029	1
95	0.5	0.0	0.028	1
95	1	0.0	0.032	1
95	5	62.5	0.055	1
95	10	61.2	0.100	1
95	15	55.0	0.172	1
95	20	50.3	0.254	1
95	25	49.8	0.316	1
95	30	45.7	0.353	1
95	35	42.0	0.355	1
95	40	41.5	0.335	1
100	0	67.1	0.019	1
100	0.5	0.0	0.020	1
100	1	0.0	0.023	1
100	5	66.2	0.037	1
100	10	56.8	0.074	1
100	15	60.0	0.127	1
100	20	55.4	0.195	1
100	25	49.7	0.251	1
100	30	46.7	0.281	1
100	35	44.3	0.284	1
100	40	39.8	0.267	1
60	1	35.28718208	0.3879	0
60	2	35.64008991	0.3484	0
60	3	35.65369799	0.3178	0
60	4	36.03783403	0.2606	0
60	5	37.61476977	0.2606	0
60	6	35.98092279	0.2269	0
60	7	38.33168318	0.2175	0
60	8	38.04892464	0.2134	0
60	9	38.30375035	0.1791	0
60	10	38.03620495	0.1854	0
60	12	39.12985576	0.1516	0
60	15	38.28622493	0.1449	0
60	18	37.46497356	0.136	0
60	20	39.30401502	0.1158	0
60	25	39.07767947	0.1038	0
60	30	38.43669171	0.0665	0
65	1	35.13513082	0.2523	0
65	2	37.6357971	0.2368	0
65	3	35.9738975	0.2124	0
65	4	40.01213814	0.176	0
65	5	40.3265096	0.1724	0
65	6	39.97133268	0.1449	0
65	7	40.29055391	0.148	0
65	8	39.03568479	0.1371	0
65	9	41.92265713	0.1288	0
65	10	40.21193235	0.1173	0
65	12	41.48414437	0.1179	0
65	15	43.02287353	0.0898	0
65	18	42.25181762	0.0794	0
65	20	40.49380991	0.0774	0
65	25	41.34879595	0.0582	0
65	30	41.69359313	0.0519	0
70	1	38.97110673	0.1791	0
70	2	39.92496343	0.1677	0
70	3	40.57533339	0.1308	0
70	4	38.48092683	0.1293	0
70	5	42.75620965	0.1127	0
70	6	41.65783869	0.109	0
70	7	42.78075001	0.0955	0
70	8	43.13859247	0.0831	0
70	9	44.15889215	0.0779	0
70	10	43.32274689	0.0659	0
70	12	43.20058697	0.0753	0
70	15	44.71517207	0.0665	0
70	18	43.66262196	0.0597	0
70	20	43.28036753	0.0519	0
70	25	43.55284605	0.0405	0
70	30	42.56667932	0.0322	0
75	1	41.01561729	0.1314	0
75	2	41.42169463	0.1189	0
75	3	44.12492998	0.1023	0
75	4	44.74030952	0.0945	0
75	5	45.77267337	0.0857	0
75	6	43.79381865	0.0685	0
75	7	44.73379378	0.0685	0
75	8	44.69553512	0.0597	0
75	9	44.34689242	0.0576	0
75	10	44.99419599	0.0535	0
75	12	46.28705922	0.0384	0
75	15	45.73209328	0.0431	0
75	18	46.52804174	0.0395	0
75	20	47.50579824	0.028	0
75	25	46.02423146	0.0327	0
75	30	46.63220281	0.0208	0
80	2	42.38793122	0.0826	0
80	3	46.11510763	0.0696	0
80	4	44.77508202	0.0607	0
80	5	43.33049149	0.0571	0
80	6	47.31096645	0.0467	0
80	7	46.0675059	0.0457	0
80	8	48.31779121	0.0384	0
80	9	46.90018966	0.0296	0
80	10	48.13596744	0.0327	0
80	12	47.49756969	0.026	0
80	15	47.54114393	0.0228	0
80	18	48.38902813	0.0249	0
80	20	47.73045307	0.0182	0
80	25	48.88579991	0.0192	0
80	30	47.65783154	0.014	0
60	1	30.92376366	0.4927	0
60	2	29.41127487	0.5187	0
60	3	28.8386618	0.5291	0
60	4	26.59734263	0.5966	0
60	5	26.54177981	0.6558	0
60	6	24.93025	0.7113	0
60	7	24.83563202	0.7549	0
60	8	22.39600982	0.7736	0
60	9	23.46066254	0.8089	0
60	10	21.13067934	0.8572	0
60	12	17.24315505	0.905	0
60	15	16.5059558	0.9465	0
60	18	14.2552594	0.9595	0
60	20	13.49283278	0.9621	0
60	25	10.32305665	0.9611	0
60	30	8.41803182	0.9569	0
65	1	34.32610687	0.3416	0
65	2	34.56319961	0.3738	0
65	3	32.68335885	0.4522	0
65	4	27.50638115	0.4772	0
65	5	28.18585301	0.5296	0
65	6	27.14736551	0.6142	0
65	7	27.82287094	0.6423	0
65	8	26.13513699	0.6646	0
65	9	23.54713728	0.7394	0
65	10	23.24544604	0.7575	0
65	12	20.04148078	0.8245	0
65	15	14.48211152	0.9071	0
65	18	14.93901533	0.9164	0
65	20	13.73981973	0.9123	0
65	25	11.17421654	0.9346	0
65	30	8.97700057	0.9283	0
70	1	36.40534479	0.2705	0
70	2	33.97780223	0.3006	0
70	3	31.66056192	0.324	0
70	4	29.21615687	0.392	0
70	5	29.22066574	0.433	0
70	6	29.00677221	0.4574	0
70	7	25.75308033	0.5462	0
70	8	26.73288565	0.5613	0
70	9	23.25623157	0.6319	0
70	10	21.05481315	0.6661	0
70	12	20.51393184	0.743	0
70	15	17.93747105	0.8172	0
70	18	13.05430315	0.8583	0
70	20	14.14002996	0.878	0
70	25	11.53459982	0.8858	0
70	30	9.60759967	0.8806	0
75	1	37.99070885	0.1859	0
75	2	37.16859652	0.2139	0
75	3	34.41188136	0.2451	0
75	4	30.96412535	0.2715	0
75	5	32.24252403	0.3141	0
75	6	27.67378061	0.3837	0
75	7	29.43323489	0.4164	0
75	8	28.67404697	0.4579	0
75	9	25.63210439	0.4964	0
75	10	27.53753993	0.5639	0
75	12	20.41955744	0.6495	0
75	15	19.11389457	0.7492	0
75	18	15.17864368	0.7882	0
75	20	14.57580838	0.8204	0
75	25	13.12523574	0.8359	0
75	30	11.2684712	0.798	0
80	2	40.41726539	0.1604	0
80	3	36.05359998	0.1838	0
80	4	37.63698152	0.216	0
80	5	36.78379975	0.2523	0
80	6	34.51883961	0.2887	0
80	7	29.43996086	0.3235	0
80	8	25.97849128	0.3702	0
80	9	27.64445648	0.4543	0
80	10	26.70129436	0.4818	0
80	12	22.14343726	0.5447	0
80	15	19.90231595	0.6526	0
80	18	18.64701704	0.7357	0
80	20	14.89217249	0.7518	0