140	20	123.0168885	0.5542
140	15	122.4534814	0.5706
140	10	122.3836227	0.5602
140	8	122.6668836	0.581
140	5	123.087	0.5736
140	3	122.0017531	0.575
140	2	121.3461456	0.5587
140	1	122.7760724	0.5869
140	0	122.6682868	0.5914
140	0.5	122.7529696	0.578
135	20	118.0909116	0.5319
135	15	118.3797322	0.5854
135	10	118.1158002	0.6122
135	5	118.2507135	0.5929
135	8	117.8820172	0.5721
135	3	119.4508176	0.6018
135	1	118.297758	0.5914
135	2	118.1919603	0.5914
135	0	118.1344909	0.5721
135	0.5	117.3009172	0.5825
130	20	114.9478812	0.6003
130	15	114.0861119	0.584
130	10	114.9445491	0.6241
130	8	114.6525618	0.5854
130	5	114.8986087	0.6077
130	3	114.3376425	0.6048
130	1	114.6381626	0.5944
130	2	114.8962067	0.6092
130	0	114.4969921	0.6122
130	0.5	114.3769352	0.6077
125	20	111.0223468	0.6033
125	8	110.708628	0.633
125	15	109.2568925	0.5958
125	10	110.6000264	0.6048
125	3	110.3977143	0.6107
125	5	110.3687849	0.5958
125	1	110.4522576	0.6077
125	2	110.1943174	0.575
125	0.5	110.349716	0.6018
125	0	110.5047952	0.6152
120	20	106.1505604	0.6389
120	15	106.5809603	0.6226
120	8	105.9456119	0.63
120	3	106.108565	0.63
120	10	106.5078439	0.6092
120	0.5	106.291376	0.6538
120	5	105.7058984	0.63
120	1	106.2979088	0.5973
120	0	106.6643779	0.633
120	2	105.5214909	0.6478
115	20	102.8473246	0.6181
115	15	102.3855724	0.6419
115	10	102.549127	0.6374
115	5	101.5338182	0.6523
115	8	102.4227879	0.6404
115	0	101.847022	0.636
115	1	102.4702314	0.6434
115	3	101.7503191	0.6404
115	2	102.2461369	0.6553
115	0.5	102.2069551	0.6434
110	20	98.23452259	0.6389
110	15	98.36983088	0.6553
110	10	98.0583296	0.6478
110	8	97.56910377	0.6389
110	5	98.53255168	0.6389
110	3	97.01597095	0.6523
110	0	97.35533545	0.6434
110	1	97.9204709	0.6642
110	2	96.90502147	0.6508
110	0.5	97.74608122	0.6389
105	20	92.79259929	0.6553
105	15	93.49669258	0.6523
105	10	93.81199676	0.6508
105	8	93.98860082	0.679
105	5	93.32670573	0.6568
105	0	93.96344354	0.679
105	0.5	94.19007656	0.6657
105	3	92.92939712	0.6776
105	2	93.38820127	0.6701
105	1	93.92092418	0.6627
100	20	90.17424133	0.682
100	15	90.21301519	0.6657
100	8	90.01890655	0.679
100	10	89.44965598	0.685
100	3	89.87433735	0.6642
100	2	89.23371563	0.688
100	1	89.37505526	0.6924
100	5	89.76630177	0.679
100	0	89.69894147	0.6731
100	0.5	88.97407677	0.6686
95	20	85.87420885	0.6865
95	15	85.2269391	0.6924
95	10	85.44327223	0.6865
95	8	85.53582012	0.679
95	5	85.42374969	0.6954
95	2	85.19720183	0.7088
95	0.5	85.3615107	0.7073
95	1	85.92291218	0.6984
95	0	84.59940986	0.7117
95	3	85.32231423	0.685
90	20	81.31597744	0.7103
90	15	80.96645546	0.6909
90	10	81.04894641	0.7207
90	8	81.06602391	0.7147
90	3	80.7684137	0.7013
90	0	81.42591672	0.7177
90	5	81.26601385	0.7103
90	1	80.45854066	0.7162
90	0.5	81.36017304	0.7162
90	2	80.94634025	0.7088
85	20	76.7688986	0.7147
85	15	76.95435117	0.7221
85	8	77.01449558	0.7132
85	10	77.06319196	0.7192
85	3	77.10729242	0.7192
85	2	76.57567897	0.7088
85	5	76.79846693	0.7281
85	1	76.48245221	0.7281
85	0	77.09122095	0.734
85	0.5	76.9962816	0.7236
80	20	73.08006731	0.7355
80	15	72.69157035	0.7296
80	10	72.08680458	0.7563
80	8	72.5952816	0.7519
80	3	72.33320077	0.7429
80	5	72.96377327	0.74
80	1	72.60154979	0.7474
80	0	72.51958697	0.7429
80	2	72.46075511	0.7474
80	0.5	72.57244628	0.7429
75	20	67.89452435	0.7578
75	15	68.66900781	0.7519
75	8	68.62267328	0.7429
75	10	68.37519968	0.7593
75	3	68.23102349	0.7727
75	5	68.53940204	0.7459
75	1	68.22583435	0.7296
75	2	68.0278863	0.7637
75	0.5	68.14600811	0.7637
75	0	68.06082851	0.7727
70	20	64.03131037	0.7637
70	15	64.0193487	0.7593
70	8	63.65881293	0.7801
70	10	63.95818488	0.7845
70	5	64.19924588	0.7608
70	3	63.78227322	0.7637
70	1	63.4469445	0.7682
70	0	63.2471535	0.7519
70	2	63.56415854	0.7771
70	0.5	63.3773121	0.7667
65	20	59.7540187	0.7905
65	15	58.9911481	0.8024
65	10	59.38432827	0.7875
65	1	59.21595281	0.8083
65	3	59.49683863	0.7964
65	5	59.2637701	0.7994
65	0	58.97774458	0.7935
65	8	59.1877189	0.7801
65	2	59.41106608	0.7935
65	0.5	59.24221469	0.8039
60	20	55.25832659	0.792
60	15	55.30576005	0.8158
60	5	54.94835554	0.7949
60	2	54.78534991	0.8128
60	8	55.19655803	0.8068
60	10	55.23786108	0.7994
60	3	54.73911763	0.8039
60	0.5	54.58994535	0.7994
60	0	54.72347269	0.7875
60	1	54.54426222	0.8068
55	20	50.8483766	0.8232
55	15	51.13355178	0.8172
55	5	50.49069051	0.8291
55	8	50.98984784	0.8113
55	2	50.23973644	0.8484
55	10	50.78135028	0.8128
55	1	50.58513182	0.838
55	3	49.99600159	0.8366
55	0	50.79898495	0.8276
55	0.5	50.35124646	0.838
50	20	46.14266654	0.841
50	15	45.72221723	0.838
50	1	46.02912107	0.8247
50	10	46.08793266	0.8291
50	5	46.03756929	0.8484
50	2	46.18317857	0.8484
50	0.5	45.87464422	0.8336
50	8	45.56055451	0.8306
50	3	45.34706187	0.8395
50	0	45.98515413	0.8455
45	20	41.92065297	0.844
45	15	41.67733926	0.8499
45	8	41.45379724	0.8425
45	3	41.54436873	0.8514
45	2	40.83101932	0.8395
45	10	41.7087555	0.8692
45	1	41.75929014	0.8529
45	0.5	41.78523857	0.8484
45	0	41.37610744	0.8514
45	5	41.66158288	0.8707
40	20	37.16392079	0.8633
40	15	36.63185653	0.8692
40	8	37.0509559	0.8633
40	5	36.67859871	0.8663
40	3	36.51027647	0.8692
40	1	37.0762985	0.8574
40	10	37.15596266	0.8886
40	0	36.96524079	0.8811
40	2	37.13183308	0.8484
40	0.5	36.78041661	0.8707
