Size	Alpha	Min	TAR
100	0.5	48.4536657	0.0215
95	0.5	47.24017148	0.0394
90	0.5	43.73132909	0.0519
85	0.5	43.07670428	0.0733
80	0.5	36.44102453	0.1038
75	0.5	38.02751603	0.1449
70	0.5	36.78876867	0.22
65	0.5	33.57087902	0.3166
60	0.5	32.80558532	0.449
100	1	49.59936039	0.0125
95	1	48.05721746	0.0215
90	1	46.14841206	0.0465
85	1	39.50718892	0.0698
80	1	40.61139022	0.1145
75	1	37.31648271	0.1199
70	1	38.82430418	0.2021
65	1	33.21037683	0.3059
60	1	33.64683468	0.4079
100	2	50.6983163	0.0143
90	2	47.19649556	0.0304
95	2	44.55441604	0.0322
85	2	41.18605843	0.0519
80	2	41.40629005	0.0805
75	2	39.0095165	0.1109
70	2	36.20609741	0.1825
65	2	33.53793126	0.2826
60	2	32.84402653	0.3971
100	3	48.35675064	0.0107
95	3	47.98285528	0.0215
90	3	44.95516525	0.025
85	3	44.24492727	0.059
80	3	41.12295242	0.0787
75	3	40.52289619	0.1127
70	3	38.49137537	0.1807
65	3	34.09674532	0.2719
60	3	33.18144187	0.3971
100	5	48.53790894	0.0054
90	5	46.69130338	0.0286
95	5	48.83042122	0.0286
85	5	44.87878971	0.0519
80	5	45.62210495	0.0698
75	5	38.90868018	0.0948
70	5	38.86580743	0.1646
65	5	35.46981493	0.2487
60	5	33.17956807	0.2987
100	8	49.10509276	0.0089
90	8	45.43361969	0.0143
95	8	51.46313757	0.0197
80	8	46.78406408	0.0447
85	8	47.26531262	0.0447
75	8	41.48544298	0.1038
70	8	40.0554213	0.1431
65	8	39.35229934	0.195
60	8	35.29033199	0.3542
100	10	50.99041929	0.0125
95	10	50.65490982	0.0179
90	10	52.32520401	0.0233
85	10	43.04996579	0.0286
80	10	44.66857665	0.0322
75	10	43.58296386	0.093
70	10	38.69798955	0.1091
65	10	37.86966628	0.1968
60	10	35.22738872	0.288
95	12	52.04463457	0.0072
100	12	52.36698806	0.0072
90	12	50.15590032	0.0161
85	12	46.44986176	0.0233
80	12	45.20998042	0.0572
75	12	42.64260447	0.0823
70	12	41.99747917	0.1109
65	12	39.60598822	0.1932
60	12	36.79174663	0.2558
100	15	52.30669929	0.0072
90	15	48.83428818	0.0125
95	15	49.58252842	0.0143
85	15	49.28533619	0.0304
80	15	45.43524157	0.0358
75	15	44.74993782	0.0555
70	15	38.09379244	0.1109
65	15	37.79242919	0.1181
60	15	35.59735373	0.2487
100	20	51.3943644	0.0018
95	20	50.75849202	0.0089
90	20	51.97079209	0.0125
85	20	49.61862756	0.0197
80	20	45.84575707	0.0429
75	20	43.52114602	0.0555
70	20	40.86240059	0.0948
65	20	39.32891796	0.1574
60	20	38.14126526	0.1735
100	15	59.74368746	0.0036
95	20	58.17004128	0.0036
100	12	58.09568647	0.0036
100	20	57.92961761	0.0072
100	8	57.54884912	0.0054
100	10	56.88008313	0.0072
100	5	56.85414386	0.0072
90	15	55.72285404	0.0143
95	15	55.65836523	0.0018
95	8	55.6356299	0.0072
90	12	55.06711465	0.0143
95	12	54.72984702	0.0125
90	20	54.34813047	0
95	10	53.84070243	0.0072
95	5	53.69260632	0.0107
100	2	52.8975881	0.0179
85	12	52.54909447	0.0215
90	10	52.41642256	0.0215
85	15	51.80200017	0.0125
90	8	51.38286382	0.0143
95	1	50.48309065	0.0286
85	20	50.42656286	0.0072
80	12	50.32136838	0.0161
85	10	49.91417898	0.0233
80	15	49.89787813	0.0304
80	20	49.81484682	0.0179
90	2	49.37036249	0.0286
100	3	49.19807547	0.0089
95	2	49.11844465	0.0161
85	8	49.06837582	0.0143
80	8	49.05121791	0.0358
90	3	49.01601174	0.0304
95	3	48.93303125	0.0125
100	0.5	48.86130062	0.0286
90	5	48.68421722	0.0161
75	20	48.04451146	0.0358
80	10	47.93803096	0.0376
85	3	47.83859796	0.0286
75	15	47.76064054	0.025
85	5	47.11417165	0.0304
80	5	47.07262776	0.0429
85	2	46.54113752	0.0394
75	12	46.37696916	0.0465
70	12	46.24731623	0.0555
75	8	46.02334925	0.0429
95	0	46.02303908	0.0376
75	10	45.69492686	0.0483
85	1	45.67995526	0.0447
95	0.5	45.47822863	0.025
90	0.5	45.21542095	0.0447
70	15	44.82281449	0.0358
90	1	44.68179347	0.0215
70	20	44.67339914	0.0394
100	1	44.33759328	0.0233
80	3	44.29840759	0.0429
85	0	43.89024594	0.093
70	8	43.23460318	0.1091
75	2	42.62477717	0.0859
80	2	42.61721852	0.0698
100	0	42.40337137	0.0215
90	0	42.28354382	0.0519
65	10	42.10628352	0.1145
75	1	41.96121873	0.1181
85	0.5	41.79136542	0.0626
65	20	41.67913453	0.068
65	15	41.51807451	0.1038
70	3	41.40909851	0.1342
80	0.5	41.3354023	0.0823
65	12	40.92803098	0.0984
65	8	40.82227511	0.1091
70	2	40.67035857	0.1538
70	5	40.19682293	0.093
80	0	40.12044149	0.093
70	10	40.04297985	0.0501
75	0	39.94522427	0.1234
60	12	39.65162535	0.127
65	5	39.44454858	0.1628
65	2	39.2943658	0.2182
75	5	39.1186473	0.0608
75	3	39.1096161	0.1038
70	0	38.8723234	0.2129
60	20	38.74904974	0.1181
60	15	38.42792986	0.1234
60	5	38.39342597	0.2648
80	1	38.16618952	0.0984
60	10	38.03771428	0.1503
60	8	37.71486458	0.1968
75	0.5	37.67611792	0.1199
65	3	37.58146773	0.1825
70	1	37.01186806	0.2004
65	0.5	35.76400148	0.2701
65	1	35.39398367	0.263
60	3	34.42653101	0.297
70	0.5	34.39265734	0.161
60	2	33.3001791	0.3292
60	1	32.86456285	0.3918
60	0	32.19132963	0.4454
65	0	31.35995444	0.3506
60	0.5	30.93424934	0.4275
60	0	32.35317643	0.4669
60	0.5	31.92999416	0.4562
60	3	30.33185732	0.5778
60	1	29.89727878	0.5081
60	2	28.49553428	0.5742
60	5	26.57727128	0.6386
60	8	24.46957516	0.8157
60	10	19.56045984	0.8855
60	12	18.65180149	0.9195
60	15	13.93015525	0.9356
60	20	11.53337377	0.9624
65	0	35.91953386	0.3381
65	0.5	32.85479512	0.3309
65	2	32.07114114	0.4079
65	3	30.20571978	0.4436
65	1	29.64591882	0.347
65	5	25.05312734	0.5134
65	8	23.85966457	0.6977
65	10	23.2972822	0.7531
65	12	19.16822722	0.8032
65	15	14.95118263	0.9123
65	20	11.76492099	0.9302
70	0	36.8819029	0.2308
70	1	36.19475508	0.263
70	0.5	32.74686732	0.1843
70	3	29.60307804	0.2773
70	2	29.55130716	0.2558
70	5	29.15000825	0.4401
70	8	23.7660067	0.5617
70	12	21.88889394	0.7013
70	10	19.80467042	0.6619
70	15	15.62476366	0.8408
70	20	11.91253988	0.8694
75	2	36.39157899	0.2004
75	3	35.88399052	0.2093
75	1	35.85544824	0.1646
75	0.5	34.11028834	0.1556
75	0	32.2541271	0.127
75	5	28.35462309	0.2934
75	8	26.32712107	0.4544
75	10	23.88840489	0.5349
75	12	18.98837216	0.6583
75	15	17.65189063	0.7764
75	20	10.9245697	0.7961
80	0.5	42.01678962	0.1216
80	0	36.88165409	0.1163
80	2	36.38673294	0.1413
80	1	36.05595329	0.1181
80	5	35.40871547	0.2451
80	3	34.0859041	0.195
80	8	30.04275126	0.347
80	10	25.67298483	0.4669
80	12	21.18959059	0.5027
80	15	18.02857242	0.6565
80	20	12.98098073	0.7263
85	1	41.71134336	0.0698
85	0	39.70852689	0.0948
85	0.5	39.21278076	0.0912
85	3	38.01369236	0.1252
85	2	37.71570991	0.0859
85	5	33.92237016	0.1342
85	8	30.38972573	0.2898
85	12	23.87592257	0.3971
85	10	22.89389292	0.3488
85	15	16.39228113	0.5492
85	20	15.48406934	0.619
90	0.5	43.99947857	0.0483
90	2	41.6074465	0.059
90	1	41.55683609	0.0465
90	0	38.45967721	0.0519
90	3	37.70693647	0.059
90	5	33.30987016	0.1395
90	8	31.21575805	0.2147
90	10	26.87686553	0.229
90	12	25.03482565	0.3828
90	15	20.60704526	0.5009
90	20	15.80895243	0.5635
95	0.5	45.42586426	0.034
95	0	43.93512307	0.0358
95	2	43.11552724	0.0429
95	1	39.91200547	0.0411
95	3	38.60596398	0.0537
95	5	38.20683045	0.1038
95	8	31.18840786	0.1646
95	10	24.23279475	0.2826
95	12	22.24778168	0.288
95	15	16.94117114	0.3882
95	20	15.87849406	0.517
100	0.5	49.61493306	0.025
100	1	47.41316074	0.0268
100	0	46.87933239	0.034
100	2	43.68577919	0.0215
100	3	41.05906304	0.0286
100	5	38.13665877	0.0644
100	8	32.14073855	0.0966
100	10	27.02290357	0.1449
100	12	24.97562075	0.22
100	15	18.80203493	0.3184
100	20	16.79603324	0.4383
100	0.5	48.86130062	0.0286
95	0.5	45.47822863	0.025
90	0.5	45.21542095	0.0447
85	0.5	41.79136542	0.0626
80	0.5	41.3354023	0.0823
75	0.5	37.67611792	0.1199
65	0.5	35.76400148	0.2701
70	0.5	34.39265734	0.161
60	0.5	30.93424934	0.4275
95	1	50.48309065	0.0286
85	1	45.67995526	0.0447
90	1	44.68179347	0.0215
100	1	44.33759328	0.0233
75	1	41.96121873	0.1181
80	1	38.16618952	0.0984
70	1	37.01186806	0.2004
65	1	35.39398367	0.263
60	1	32.86456285	0.3918
100	2	52.8975881	0.0179
90	2	49.37036249	0.0286
95	2	49.11844465	0.0161
85	2	46.54113752	0.0394
75	2	42.62477717	0.0859
80	2	42.61721852	0.0698
70	2	40.67035857	0.1538
65	2	39.2943658	0.2182
60	2	33.3001791	0.3292
100	3	49.19807547	0.0089
90	3	49.01601174	0.0304
95	3	48.93303125	0.0125
85	3	47.83859796	0.0286
80	3	44.29840759	0.0429
70	3	41.40909851	0.1342
75	3	39.1096161	0.1038
65	3	37.58146773	0.1825
60	3	34.42653101	0.297
100	5	56.85414386	0.0072
95	5	53.69260632	0.0107
90	5	48.68421722	0.0161
85	5	47.11417165	0.0304
80	5	47.07262776	0.0429
70	5	40.19682293	0.093
65	5	39.44454858	0.1628
75	5	39.1186473	0.0608
60	5	38.39342597	0.2648
100	8	57.54884912	0.0054
95	8	55.6356299	0.0072
90	8	51.38286382	0.0143
85	8	49.06837582	0.0143
80	8	49.05121791	0.0358
75	8	46.02334925	0.0429
70	8	43.23460318	0.1091
65	8	40.82227511	0.1091
60	8	37.71486458	0.1968
100	10	56.88008313	0.0072
95	10	53.84070243	0.0072
90	10	52.41642256	0.0215
85	10	49.91417898	0.0233
80	10	47.93803096	0.0376
75	10	45.69492686	0.0483
65	10	42.10628352	0.1145
70	10	40.04297985	0.0501
60	10	38.03771428	0.1503
100	12	58.09568647	0.0036
90	12	55.06711465	0.0143
95	12	54.72984702	0.0125
85	12	52.54909447	0.0215
80	12	50.32136838	0.0161
75	12	46.37696916	0.0465
70	12	46.24731623	0.0555
65	12	40.92803098	0.0984
60	12	39.65162535	0.127
100	15	59.74368746	0.0036
90	15	55.72285404	0.0143
95	15	55.65836523	0.0018
85	15	51.80200017	0.0125
80	15	49.89787813	0.0304
75	15	47.76064054	0.025
70	15	44.82281449	0.0358
65	15	41.51807451	0.1038
60	15	38.42792986	0.1234
95	20	58.17004128	0.0036
100	20	57.92961761	0.0072
90	20	54.34813047	0
85	20	50.42656286	0.0072
80	20	49.81484682	0.0179
75	20	48.04451146	0.0358
70	20	44.67339914	0.0394
65	20	41.67913453	0.068
60	20	38.74904974	0.1181
60	0.5	31.92999416	0.4562
65	0.5	32.85479512	0.3309
70	0.5	32.74686732	0.1843
75	0.5	34.11028834	0.1556
80	0.5	42.01678962	0.1216
85	0.5	39.21278076	0.0912
90	0.5	43.99947857	0.0483
95	0.5	45.42586426	0.034
100	0.5	49.61493306	0.025
60	1	29.89727878	0.5081
65	1	29.64591882	0.347
70	1	36.19475508	0.263
75	1	35.85544824	0.1646
80	1	36.05595329	0.1181
85	1	41.71134336	0.0698
90	1	41.55683609	0.0465
95	1	39.91200547	0.0411
100	1	47.41316074	0.0268
60	2	28.49553428	0.5742
65	2	32.07114114	0.4079
70	2	29.55130716	0.2558
75	2	36.39157899	0.2004
80	2	36.38673294	0.1413
85	2	37.71570991	0.0859
90	2	41.6074465	0.059
95	2	43.11552724	0.0429
100	2	43.68577919	0.0215
60	3	30.33185732	0.5778
65	3	30.20571978	0.4436
70	3	29.60307804	0.2773
75	3	35.88399052	0.2093
80	3	34.0859041	0.195
85	3	38.01369236	0.1252
90	3	37.70693647	0.059
95	3	38.60596398	0.0537
100	3	41.05906304	0.0286
60	5	26.57727128	0.6386
65	5	25.05312734	0.5134
70	5	29.15000825	0.4401
75	5	28.35462309	0.2934
80	5	35.40871547	0.2451
85	5	33.92237016	0.1342
90	5	33.30987016	0.1395
95	5	38.20683045	0.1038
100	5	38.13665877	0.0644
60	8	24.46957516	0.8157
65	8	23.85966457	0.6977
70	8	23.7660067	0.5617
75	8	26.32712107	0.4544
80	8	30.04275126	0.347
85	8	30.38972573	0.2898
90	8	31.21575805	0.2147
95	8	31.18840786	0.1646
100	8	32.14073855	0.0966
60	10	19.56045984	0.8855
65	10	23.2972822	0.7531
70	10	19.80467042	0.6619
75	10	23.88840489	0.5349
80	10	25.67298483	0.4669
85	10	22.89389292	0.3488
90	10	26.87686553	0.229
95	10	24.23279475	0.2826
100	10	27.02290357	0.1449
60	12	18.65180149	0.9195
65	12	19.16822722	0.8032
70	12	21.88889394	0.7013
75	12	18.98837216	0.6583
80	12	21.18959059	0.5027
85	12	23.87592257	0.3971
90	12	25.03482565	0.3828
95	12	22.24778168	0.288
100	12	24.97562075	0.22
60	15	13.93015525	0.9356
65	15	14.95118263	0.9123
70	15	15.62476366	0.8408
75	15	17.65189063	0.7764
80	15	18.02857242	0.6565
85	15	16.39228113	0.5492
90	15	20.60704526	0.5009
95	15	16.94117114	0.3882
100	15	18.80203493	0.3184
60	20	11.53337377	0.9624
65	20	11.76492099	0.9302
70	20	11.91253988	0.8694
75	20	10.9245697	0.7961
80	20	12.98098073	0.7263
85	20	15.48406934	0.619
90	20	15.80895243	0.5635
95	20	15.87849406	0.517
100	20	16.79603324	0.4383