40	0	26.79384381	0.8484
40	0.5	26.92517197	0.8425
40	1	26.59385856	0.8588
40	2	26.35171138	0.8603
40	3	26.30809128	0.847
40	5	26.69320423	0.8499
40	8	26.5305875	0.8514
40	10	25.87788789	0.8291
40	15	26.00646189	0.8499
40	20	24.51405502	0.8425
45	0	29.7154985	0.8351
45	0.5	29.95870712	0.8366
45	1	30.13240359	0.844
45	2	29.55229696	0.8336
45	3	29.86008498	0.8395
45	5	30.11320688	0.8336
45	8	29.71536047	0.8276
45	10	28.8623312	0.8202
45	15	28.24990224	0.8588
45	20	26.77804681	0.8351
50	0	32.27844093	0.7801
50	0.5	32.83500186	0.8083
50	1	32.62778154	0.7905
50	2	32.60997919	0.8143
50	3	32.46665655	0.8098
50	5	32.01253603	0.8083
50	8	31.76356914	0.8217
50	10	31.33204572	0.8143
50	15	30.74676651	0.8217
50	20	31.15381932	0.8128
55	0	35.69581139	0.8024
55	0.5	35.05723225	0.7652
55	1	35.67579139	0.786
55	2	35.17042699	0.7697
55	3	35.31249654	0.7816
55	5	33.73739221	0.8053
55	8	34.98499363	0.7712
55	10	34.45239083	0.7712
55	15	32.90959235	0.7964
55	20	33.43070556	0.7801
60	0	37.59854394	0.7623
60	0.5	37.92761145	0.7667
60	1	37.54041439	0.7519
60	2	37.42953404	0.7296
60	3	38.19817158	0.7459
60	5	36.98429494	0.7519
60	8	37.26074899	0.7489
60	10	36.89853575	0.7682
60	15	35.26071462	0.7682
60	20	35.99922768	0.7385
65	0	39.74074732	0.7533
65	0.5	40.38298843	0.7325
65	1	40.2060165	0.7251
65	2	40.06603496	0.734
65	3	39.43989883	0.7073
65	5	39.6877801	0.7177
65	8	39.0932126	0.7415
65	10	39.17858799	0.7266
65	15	38.4626492	0.7593
65	20	38.96565709	0.7221
70	0	41.97098624	0.682
70	0.5	42.86216605	0.6939
70	1	42.72434441	0.679
70	2	42.23598722	0.6835
70	3	41.53500193	0.688
70	5	42.26195253	0.6716
70	8	41.00995644	0.679
70	10	41.51061955	0.6924
70	15	41.17198026	0.7013
70	20	40.61916603	0.7058
75	0	44.94798546	0.6374
75	0.5	45.09598222	0.6285
75	1	44.75840361	0.6568
75	2	45.4770963	0.6404
75	3	44.49380378	0.6508
75	5	44.81039601	0.6538
75	8	43.12961639	0.6701
75	10	44.19247531	0.6582
75	15	43.22570153	0.6493
75	20	43.51691423	0.6731
80	0	47.2783577	0.5929
80	0.5	46.83506363	0.6152
80	1	47.51074696	0.5825
80	2	47.09635566	0.6241
80	3	46.79273107	0.6092
80	5	46.58997752	0.5929
80	8	46.16102639	0.6152
80	10	46.17168944	0.6062
80	15	45.12828671	0.627
80	20	44.38843554	0.6211
85	0	49.04113475	0.5438
85	0.5	48.35694005	0.5527
85	1	49.8042264	0.5646
85	2	49.05570336	0.5542
85	3	47.48497971	0.5646
85	5	48.99549469	0.575
85	8	48.07807587	0.5676
85	10	48.57006585	0.5676
85	15	47.70901309	0.5572
85	20	46.7276386	0.5765
90	0	51.50458564	0.5245
90	0.5	51.28975054	0.5037
90	1	51.75117166	0.5171
90	2	51.46319323	0.5171
90	3	51.00691883	0.5349
90	5	50.89562561	0.5156
90	8	50.50824647	0.5498
90	10	50.05430524	0.5319
90	15	49.70961013	0.5349
90	20	49.47076744	0.5319
95	0	53.48265204	0.471
95	0.5	53.41826847	0.471
95	1	52.95599922	0.4755
95	2	53.25793694	0.4799
95	3	53.01416852	0.4874
95	5	52.92806233	0.4978
95	8	51.98141628	0.4933
95	10	52.90078014	0.5097
95	15	51.59798792	0.4859
95	20	51.74550599	0.4695
100	0	54.35390531	0.422
100	0.5	53.5368876	0.3997
100	1	55.00996946	0.4235
100	2	54.33571765	0.4146
100	3	54.50818447	0.4279
100	5	54.02667355	0.4012
100	8	54.17885018	0.4309
100	10	54.5258516	0.419
100	15	53.09038291	0.4264
100	20	53.84796008	0.4116
105	0	56.31577986	0.3819
105	0.5	57.49987324	0.3655
105	1	57.03052661	0.3804
105	2	56.85929735	0.3581
105	3	57.02538381	0.3893
105	5	56.34797877	0.3715
105	8	54.48948061	0.37
105	10	55.47780193	0.3893
105	15	55.69555103	0.3997
105	20	54.71412405	0.37
110	0	58.77489034	0.3373
110	0.5	59.16123119	0.3239
110	1	59.17898402	0.3031
110	2	58.70870783	0.3299
110	3	59.15472984	0.3299
110	5	58.67718221	0.3269
110	8	58.36963367	0.3447
110	10	57.65087303	0.3254
110	15	57.94819848	0.3358
110	20	56.56375145	0.3314
115	0	60.28723095	0.2808
115	0.5	60.25596766	0.2883
115	1	59.96565548	0.263
115	2	59.87694553	0.3061
115	3	59.92862852	0.2853
115	5	60.49843308	0.2838
115	8	60.17959416	0.2957
115	10	59.2643827	0.3031
115	15	59.31112497	0.3016
115	20	58.42976618	0.2853
120	0	62.92040376	0.2392
120	0.5	61.91015658	0.2675
120	1	63.4308971	0.2511
120	2	62.29463044	0.2571
120	3	61.56000809	0.2511
120	5	60.97689543	0.2363
120	8	60.72877405	0.2734
120	10	61.6678317	0.2541
120	15	60.83119564	0.2422
120	20	60.64362386	0.2689
125	0	64.51386512	0.214
125	0.5	64.11042981	0.2095
125	1	64.32769907	0.2199
125	2	63.6347596	0.2333
125	3	63.3493377	0.2036
125	5	62.14173474	0.211
125	8	63.38199901	0.2377
125	10	62.4099129	0.2125
125	15	62.35985196	0.2363
125	20	60.09127061	0.2095
130	0	64.32973969	0.1947
130	0.5	65.74572897	0.1828
130	1	65.33312038	0.1828
130	2	63.80959333	0.1991
130	3	65.53591407	0.1872
130	5	64.90753695	0.1961
130	8	64.71387704	0.1798
130	10	64.67100907	0.2021
130	15	63.84778533	0.2006
130	20	62.84629972	0.1842
135	0	67.64423266	0.1471
135	0.5	67.66609319	0.1575
135	1	67.13415852	0.156
135	2	66.79042191	0.1649
135	3	67.18982107	0.1516
135	5	67.25763484	0.1605
135	8	65.5800556	0.1634
135	10	65.61176411	0.1664
135	15	65.09068865	0.1902
135	20	65.33756084	0.1545
140	0	68.37839475	0.1159
140	0.5	68.65275277	0.1471
140	1	69.07976583	0.1322
140	2	68.25188332	0.1308
140	3	68.51696124	0.1144
140	5	68.4108249	0.1248
140	8	68.84959204	0.1471
140	10	67.79044569	0.1545
140	15	66.30953464	0.1218
140	20	65.51783062	0.1486
